00100000000010100000000000000000
00100001010011010000000000000000
00100000000010010000000000001010
10101101101010010000000000000000
00100001101011010000000000000100
00100000000010010000000000000110
10101101101010010000000000000000
00100001101011010000000000000100
00100000000010010000000000000010
10101101101010010000000000000000
00100001010100000000000000000000
00100000000100010000000000000011
001000 00000 10011 0000000000000011
00100000000010000000000000000000
00010001000100010000000001111111
10001101010011000000000000000000
00000001100100110110000000100110
10101101010011000000000000000000
00100001000010000000000000000001
00100001010010100000000000000100
00001000000000000000000000110100